function W = metric(x)

%Metric
W0 = [2.286 0.143 -0.429;
    0.143 1.571 0.286;
    -0.429 0.286 1.143];
W1 = [0, -4.571, 0;
    -4.571, -0.572, 0.857;
    0, 0.857, 0];

W2 = diag([0;9.143;0]);

W = W0 + W1*x(1) + W2*(x(1)^2);

end